17
0 3 5 6 0 0 1 2 0 2 0 3 0 4 0 0 4
2 0 0 2 0 4 0 0 0 0 0 0 0 0 1 0 0
7 6 5 0 7 0 0 4 0 0 3 0 0 0 6 5 2
3 0 1 0 5 0 0 0 0 2 0 1 0 0 0 2 0
0 7 0 2 0 0 3 0 0 0 5 0 0 0 5 0 0
2 0 5 0 0 0 0 0 0 5 4 0 0 0 6 0 0
1 0 0 3 1 0 0 0 5 0 0 0 0 1 3 0 0
4 2 0 0 0 6 0 0 0 0 0 0 0 3 0 5 0
3 0 6 2 0 3 0 0 4 0 5 0 0 2 0 4 0
0 0 0 0 3 5 0 0 1 0 0 5 4 0 7 0 7
3 0 5 0 6 0 2 0 4 0 3 0 0 0 0 0 6
0 0 0 2 0 0 0 0 0 0 0 5 2 0 1 0 4
0 4 0 0 0 0 0 0 0 0 1 0 7 0 3 4 0
1 3 0 0 6 0 0 6 4 0 0 5 0 6 2 0 0
6 0 0 1 0 2 0 0 7 0 4 0 0 4 0 0 0
0 3 0 4 0 6 5 0 4 0 0 7 0 1 0 0 3
0 2 0 0 2 0 4 0 1 2 0 5 4 5 0 2 0
00 01 01 01 02 02 03 03 03 04 04 05 06 06 06 07 07
01 01 01 02 02 02 08 09 03 04 04 05 05 05 06 06 07
10 10 10 02 11 11 08 12 03 13 04 14 14 14 14 14 07
10 10 10 10 11 15 08 12 12 13 13 16 16 16 16 14 17
18 18 18 11 11 15 12 12 12 13 13 13 16 16 16 19 17
18 18 18 20 11 11 21 21 21 22 22 22 22 22 22 23 17
18 24 20 20 20 25 25 25 25 26 27 27 28 28 23 23 17
24 24 24 29 29 29 29 25 30 30 27 31 28 32 32 32 17
24 24 24 33 29 29 34 34 35 31 31 31 31 32 36 32 17
37 37 33 33 33 33 34 34 35 35 35 35 38 32 32 39 39
40 40 41 41 42 42 42 43 43 43 44 38 38 38 45 39 39
46 40 40 41 42 42 42 43 47 44 44 44 38 45 45 39 39
46 46 41 41 48 49 49 43 47 44 44 45 45 45 50 50 39
46 46 51 51 48 49 52 52 52 53 54 45 55 55 50 50 50
56 57 57 57 48 52 52 52 58 53 54 59 55 55 55 55 50
56 57 56 48 48 58 58 58 58 58 54 54 54 55 60 60 61
56 56 56 48 48 62 62 62 62 58 54 54 61 61 61 61 61